3
985
black
490916
6
1004
green
228918
4
770
black
543047
6
908
blue
257740
3
772
purple
416461
5
925
brown
299224
6
495
purple
411686
5
859
brown
532382
2
969
green
521762
5
516
red
514912
5
733
green
524413
5
1064
blue
305946
3
543
purple
440399
6
886
purple
323906
5
833
yellow
486854
3
1072
brown
162403
6
423
yellow
419509
2
361
brown
339439
6
326
red
357894
6
785
yellow
415292
5
1051
red
458230
3
551
green
167127
4
497
green
527150
5
970
blue
328570
2
502
blue
333171
4
1152
red
506990
2
363
black
139590
5
663
green
499453
3
821
brown
265944
5
348
purple
168748
