4
965
yellow
452661
3
994
purple
183979
2
1050
green
225586
3
558
purple
130839
6
846
brown
418279
2
341
black
444851
2
517
black
368758
5
1052
green
236932
3
309
green
514703
5
602
black
517353
5
924
green
223391
2
704
brown
538874
6
1156
brown
303552
4
518
blue
342590
4
560
red
173433
4
656
blue
398204
5
728
green
344950
4
373
red
450135
4
1077
brown
260178
3
831
green
113153
4
866
purple
147197
5
620
yellow
514741
4
701
yellow
104314
2
844
yellow
366757
5
1129
brown
475751
6
614
red
201554
5
562
green
238478
4
1132
black
344306
2
624
purple
497696
