1217612
50
1258949
0
1155272
18
1047909
14
1303200
96
1036601
53
1025923
22
1422691
15
1359942
64
1204187
97
1489865
43
1445173
13
1163467
23
1010533
67
1123034
42
1211734
89
1361277
90
1444402
6
1181516
44
1100271
32
1429759
41
1249686
24
1109170
99
1144089
78
1441500
83
1171174
35
1054488
87
1201996
26
1050445
72
1316267
65
1112463
27
1119874
12
1130835
79
1443746
10
1401718
20
1201541
95
1303998
3
1201582
56
1362811
16
1130540
94
1398827
28
1078804
70
1470990
66
1395362
45
1458835
1
1020867
36
1350317
9
1006129
19
1109382
33
1423523
7
