1090436
24
1309445
39
1217031
26
1392374
51
1274964
27
1102367
12
1258030
43
1189681
84
1496874
70
1377614
74
1227445
77
1046895
61
1302477
14
1178897
100
1436556
69
1210420
95
1344907
66
1244936
45
1216407
71
1146963
33
1120551
79
1089450
60
1077089
76
1124510
6
1312229
20
1346981
44
1385205
80
1085112
50
1474638
29
1192527
82
1292877
46
1238650
22
1212204
23
1188713
48
1128568
42
1027566
4
1388070
58
1156695
7
1039301
90
1381655
57
1001061
99
1119098
28
1106112
41
1063413
55
1308538
36
1230279
9
1399707
30
1455669
37
1219507
49
1341097
52
1233147
38
1100263
62
1288599
47
1380918
96
1158282
98
1365088
59
1150209
86
1334167
67
1208204
34
1499631
13
1010362
68
1252132
18
1312206
64
1202057
31
1251807
0
1443694
73
1248976
91
1174796
85
1407227
25
1005177
2
1348141
72
1394750
19
1286613
56
